0 0.7096786551296583 0.24354248462523587 0.19535842752332372 0.14938786786221228
0 1.1856287425149699 0.3033932135728543 0.12375249500997995 0.059880239520958084
0 0.9053738425990778 0.13008166759961706 0.18647156598384385 0.1398384338293236
0 1.1736526946107784 0.2395209580838323 0.11576846307385225 0.059880239520958084
0 0.40624856598123094 0.38867936991736385 0.1969382123652818 0.14771587824439983
0 1.25748502994012 0.49500998003992025 0.17165668662674663 0.059880239520958084
0 0.3931946039377804 0.7047414851585827 0.2134570989024401 0.1714614341885445
0 1.1766467065868265 0.716566866267465 0.1177644710578842 0.05988023952095815
0 1.1556886227544911 0.5988023952095809 0.10379241516966076 0.059880239520958084
0 0.5856030719439552 0.6228834735285563 0.1856652004290507 0.14659655347052158
0 1.152694610778443 0.5808383233532934 0.1017964071856288 0.059880239520958084
0 0.7705297098111467 0.5129402732995557 0.1964361751874736 0.15505468480936216
0 1.1826347305389224 0.5289421157684631 0.12175648702594827 0.059880239520958084
0 1.1946107784431141 0.5469061876247505 0.12974051896207597 0.059880239520958084
