0 0.12976075366191997 0.3167610491275989 0.22142002924959633 0.23344319412738598
0 0.43183110105600486 0.5786744642782071 0.21436791143125206 0.22545010940992263
0 0.5918688235017853 0.4835298715674368 0.19973258502277658 0.1926543217867043
0 0.7482090355375826 0.3522145580739864 0.16212809152871557 0.16517765443405635
0 0.9150768353185625 0.2332852887874103 0.16984632936287142 0.17615664873038916
0 0.753457815197205 0.7012404142286748 0.17821801981628427 0.16516849820420704
0 0.5795652026473561 0.8333358734079545 0.19339906286852518 0.15919037502392597
0 0.4164395717124675 0.9258089821538736 0.16912799041668364 0.14777201365328493
0 0.04652311364159849 0.02023173661834071 0.09304622728319673 0.036265436955626874
0 0.095048919030684 0.11537985116349395 0.190097838061368 0.1944414289641081
