0 0.08873973290383803 0.19410894912627225 0.16801302724676728 0.11961808589695772
0 1.083832335329341 0.23552894211576844 0.05588822355289409 0.059880239520958084
0 0.29720504168979067 0.13034872519822638 0.22398502289469718 0.19127624022118112
0 1.1077844311377245 0.18962075848303392 0.07185628742514964 0.011976047904191631
0 0.5122424571704152 0.06847731227192927 0.17811437428406124 0.1330664943527229
0 1.1107784431137724 0.22155688622754494 0.0738522954091816 0.059880239520958084
1 0.6917460594334518 0.30000443727340426 0.21296732447103273 0.1552990898492976
1 1.2245508982035929 0.3752495009980041 0.14970059880239517 0.059880239520958084
0 0.13993535887255212 0.4799735591870633 0.15214015605522654 0.10717762001849479
0 1.1077844311377245 0.4171656686626747 0.07185628742514964 0.059880239520958084
0 0.3261959895885424 0.4287435981017893 0.1958124520384975 0.1379960404269552
0 1.1946107784431141 0.4411177644710578 0.12974051896207597 0.059880239520958084
0 0.4991632824682317 0.3665231287601231 0.1821098065235091 0.13721248493758537
0 1.1227544910179639 0.35329341317365265 0.08183632734530931 0.059880239520958084
