0 0.5224550898203593 0.9603293413173652 0.125748502994012 0.0793413173652695
0 0.6017964071856288 0.9251497005988024 0.1257485029940119 0.14970059880239517
0 0.6489520958083831 0.8480538922155687 0.12125748502994092 0.1302395209580828
0 0.7155688622754494 0.7672155688622753 0.11676646706586907 0.14221556886227596
0 0.8824850299401191 0.6122754491017963 0.17215568862275354 0.16766467065868285
0 0.9214071856287425 0.4925149700598801 0.12724550898203554 0.11676646706586818
0 0.828592814371257 0.13547904191616766 0.13323353293413148 0.1781437125748503
0 0.5142215568862271 0.5396706586826345 0.1332335329341308 0.14221556886227546
0 0.38847305389221554 0.6998502994011976 0.15119760479041927 0.1811377245508989
0 0.16392215568862276 0.937125748502994 0.13023952095808383 0.1257485029940119
0 0.2776946107784432 0.8360778443113772 0.13922155688622753 0.13323353293413187
