0 0.5546407185628742 0.042664670658682645 0.10928143712574843 0.08532934131736529
0 0.9610778443113773 0.18562874251497008 0.07784431137724539 0.2245508982035928
0 0.7949101796407172 0.49925149700598775 0.18562874251496977 0.14520958083832328
0 0.4386227544910179 0.29116766467065874 0.15568862275449105 0.13023952095808375
0 0.24101796407185647 0.20059880239520958 0.17065868263473058 0.12275449101796411
0 0.11377245508982031 0.312874251497006 0.16467065868263467 0.1377245508982036
0 0.32634730538922146 0.4468562874251497 0.17365269461077829 0.13323353293413148
0 0.8675149700598783 0.14146706586826346 0.13143938888172343 0.19080007537629176
0 0.6661676646706587 0.05389221556886228 0.08682634730538923 0.10479041916167665
0 0.7664670658682603 0.08967651021087619 0.10337024728809069 0.17935302042175252
