1 0.6587744813726566 0.10899269944924152 0.13997718731353104 0.21798539889848312
0 0.4291595634290522 0.7322560942061402 0.13307917515117232 0.20592668943916087
0 0.37724550898203657 0.9353015969192026 0.08349046960881935 0.12190099987856712
0 0.23693766968539876 0.20861515586653254 0.2008580945899289 0.1389521672447072
0 0.1989347508342211 0.32202480663078925 0.19257193615417234 0.11826279632782277
0 0.1582910855930373 0.4172665820608674 0.16895769288585874 0.10152153978149699
0 0.11938796466538128 0.5206673701739603 0.18894863959382618 0.11672303284150559
0 0.09952780360345327 0.6114266193782432 0.19073515194252139 0.14398682152723197
0 0.07328172148600681 0.71979011506275 0.14656344297201365 0.12395690533000277
0 0.04565868263473054 0.9004491017964071 0.08832335329341318 0.1092814371257485
